              precision    recall  f1-score   support

           0       0.59      0.91      0.71       602
           1       0.86      0.60      0.71       306
           2       1.00      0.91      0.95       671
           3       0.87      0.91      0.89       567
           4       0.92      0.25      0.40        95
           5       0.78      0.71      0.75       289
           6       0.96      0.62      0.75       287

    accuracy                           0.80      2817
   macro avg       0.85      0.70      0.74      2817
weighted avg       0.84      0.80      0.80      2817
