              precision    recall  f1-score   support

           0       0.74      0.73      0.74       602
           1       0.72      0.69      0.71       306
           2       0.93      0.94      0.94       671
           3       0.88      0.87      0.88       567
           4       0.47      0.53      0.50        95
           5       0.72      0.75      0.73       289
           6       0.76      0.74      0.75       287

    accuracy                           0.80      2817
   macro avg       0.75      0.75      0.75      2817
weighted avg       0.80      0.80      0.80      2817
