              precision    recall  f1-score   support

           0       0.76      0.87      0.81       602
           1       0.81      0.75      0.78       306
           2       0.98      0.95      0.97       671
           3       0.94      0.93      0.93       567
           4       0.82      0.56      0.66        95
           5       0.77      0.82      0.80       289
           6       0.91      0.83      0.87       287

    accuracy                           0.87      2817
   macro avg       0.86      0.82      0.83      2817
weighted avg       0.87      0.87      0.87      2817
