              precision    recall  f1-score   support

           0       0.53      0.77      0.63       612
           1       0.55      0.43      0.48       294
           2       1.00      0.90      0.95       684
           3       0.82      0.81      0.82       578
           4       0.00      0.00      0.00        96
           5       0.56      0.62      0.59       310
           6       0.74      0.54      0.62       303

    accuracy                           0.71      2877
   macro avg       0.60      0.58      0.58      2877
weighted avg       0.71      0.71      0.70      2877
