              precision    recall  f1-score   support

           0       0.55      0.80      0.65       612
           1       0.65      0.45      0.53       294
           2       0.99      0.90      0.95       684
           3       0.79      0.83      0.81       578
           4       0.75      0.22      0.34        96
           5       0.64      0.63      0.64       310
           6       0.80      0.59      0.68       303

    accuracy                           0.73      2877
   macro avg       0.74      0.63      0.66      2877
weighted avg       0.76      0.73      0.73      2877
