              precision    recall  f1-score   support

           0       0.54      0.69      0.61       612
           1       0.49      0.39      0.44       294
           2       0.95      0.90      0.93       684
           3       0.74      0.82      0.77       578
           4       0.22      0.02      0.04        96
           5       0.57      0.57      0.57       310
           6       0.62      0.50      0.56       303

    accuracy                           0.68      2877
   macro avg       0.59      0.56      0.56      2877
weighted avg       0.67      0.68      0.67      2877
